// Auto-generated CMSIS-DSP biquad coefficients
#ifndef BANDPASS_COEFFS_H
#define BANDPASS_COEFFS_H

#define NUM_STAGES (8)

float bandpass_coeffs[] = {
    0.00000000,
    0.00000000,
    0.00000000,
    1.93927576,
    -0.94151708,
    1.00000000,
    2.00000000,
    1.00000000,
    1.94026749,
    -0.94152738,
    1.00000000,
    2.00000000,
    1.00000000,
    1.95531678,
    -0.95828754,
    1.00000000,
    2.00000000,
    1.00000000,
    1.96793157,
    -0.96829682,
    1.00000000,
    -2.00000000,
    1.00000000,
    1.98184387,
    -0.98205057,
    1.00000000,
    -2.00000000,
    1.00000000,
    1.98144364,
    -0.98483715,
    1.00000000,
    -2.00000000,
    1.00000000,
    1.99014298,
    -0.99030090,
    1.00000000,
    -2.00000000,
    1.00000000,
    1.99676267,
    -0.99690324,
};

#endif
